1002
10040
1010
1013
10191
10247
10251
1026
1027
1032
1033
10630
10632
10643
1067
10679
10681
1071
1072
1073
1074
1075
1076
1079
1080
10837
10839
10841
10843
10851
10859
1095
1096
1099
1100
11012
1102
1103
1105
1106
11074
1109
1112
1113
11130
11133
11135
1114
1115
1116
1117
11173
11175
11177
11179
1118
11183
11185
11187
11189
1119
11191
11193
11195
11197
11199
1120
11201
11203
1121
11216
11218
1122
11220
11226
11228
1123
11230
11236
11238
1124
11240
11246
11248
1125
11250
11256
11258
1126
11260
11266
11268
11270
11278
1128
11280
11284
11286
11288
1129
11290
11292
11294
11296
11298
1130
11300
11302
11304
11306
1131
1132
1133
1134
1135
11356
11358
1136
11360
11366
1137
11372
11374
11376
11378
1138
11380
11382
11384
11388
1139
11390
11394
1140
11401
1141
1142
1143
1144
1145
1146
1147
1148
1149
1150
1151
1152
1153
1154
1155
1156
11562
11564
11568
1157
1158
1159
1160
1161
11612
11613
11614
11616
11617
11619
1162
11620
11621
11622
11623
11624
11625
11626
11628
11629
1163
11630
11631
11632
11634
1164
11641
11643
11645
11647
11649
1165
1166
1167
1168
1169
1170
1171
1172
1173
1174
11747
1175
11750
11754
11758
1176
11762
11766
1177
11770
11771
11775
11779
1178
11783
11787
1179
11791
11795
11798
11799
11803
11804
11808
11812
11820
11821
11824
11825
11828
11829
11832
11833
11836
11837
1184
11840
11844
11848
11851
11857
11859
1186
11860
11861
11862
11863
11864
11865
11866
11867
11868
11869
11870
11871
11872
11873
11874
11876
11877
11878
11879
11880
11881
11882
11883
11884
11885
11886
11887
11888
11889
11890
11891
11892
1191
11937
11939
11958
1196
11960
11962
11964
11966
11970
11972
11979
11986
11988
11990
11994
11996
12000
12004
12006
12012
12014
12016
12018
12020
12022
12024
12031
12035
12037
1204
12041
12043
12045
1205
12053
12055
12057
12059
12067
12069
12077
1208
12085
1210
12103
12104
12105
12109
1212
1214
1215
1216
1217
1218
1220
1221
12218
12220
12222
12224
12226
12258
12260
12262
12264
12266
12268
12270
12272
12275
12297
12300
12301
12345
12347
12355
12357
1237
1245
1247
1249
1255
12553
12558
12560
12562
12564
12566
1257
12609
12611
12613
12615
12617
12619
12621
12626
12628
12630
12632
12634
1265
1267
12710
12712
12714
12716
12718
12730
12732
12734
12736
12744
12746
12748
1275
12754
12762
12764
12766
12768
1277
12770
12772
12774
12776
12778
12780
12782
12784
12786
12788
12790
12792
12794
12796
12798
12800
12802
12804
12806
12808
12811
12813
12815
12817
12819
12821
12823
12825
12827
12829
12831
12833
1285
1287
1295
1297
13000
13002
13004
1305
1307
1318
1320
13203
13321
1334
1336
1354
1356
1404
1406
1423
1437
1446
1448
1540
1542
1548
1550
15509
15511
1552
1554
1558
1560
1564
1566
15676
15678
15682
15684
15686
15688
15690
15692
15694
15696
15698
15700
15702
15704
15706
15708
15710
15712
15714
15716
15718
15720
15722
15724
15726
15728
15730
15732
15734
15736
15738
15740
15748
15750
15752
15754
15756
15758
15760
15762
15765
15767
15769
15771
15773
15777
15779
15781
15783
15785
15787
15789
15791
15793
15795
15797
15799
15801
15803
15805
15807
15809
15811
15819
15822
15839
15842
15876
15878
15880
15882
15884
15886
15888
15890
15892
15894
15896
15906
15908
15910
15912
15914
15916
15918
15920
15922
15924
15926
15928
15930
15932
15936
15938
15940
15942
15946
15948
15950
15954
15956
15958
15960
15962
15964
15966
15968
16029
16032
16063
16066
16228
16230
16232
16234
16237
16239
16241
16243
16279
17322
17323
17324
17325
17326
17327
17328
17329
17330
17331
17332
17333
17334
17335
17336
17337
17338
17339
17340
17341
17342
17344
17345
17346
17347
17348
17349
17350
17351
17352
17353
17354
17355
17356
17357
17359
17477
17479
17481
17483
17486
17489
17501
17503
17505
17507
17509
17511
17513
17515
17517
17519
17521
17523
17525
17527
17529
17537
17539
17541
17543
17545
17550
17552
17554
17556
17558
17561
17620
17635
17637
17649
17651
17653
17655
17657
17659
17661
17663
17665
17667
17669
17671
17673
17675
17677
17679
17681
17683
17685
17687
17689
17691
17693
17695
17704
17706
17708
17710
17714
17716
17719
17721
17723
17727
17729
17733
17737
17739
17741
17813
17833
17835
17837
17839
17842
17844
17858
17860
17862
17864
17874
17885
17902
17913
17919
17921
17923
17925
17927
17929
17931
17933
17939
18037
18039
18041
18043
18045
18047
18049
18051
18053
18055
18057
18059
18061
18063
18065
18067
18069
1809
1811
1815
1817
1819
1821
1823
1825
1827
1829
1831
1833
1856
18591
18593
18595
18597
18599
18601
18603
18605
18607
18609
18611
18613
18615
18617
18619
18625
18640
1876
1878
1945
19721
19723
19725
19727
19740
19745
19807
19809
19811
19813
19815
19995
20003
2007
20108
20126
20184
20186
20188
2019
20190
2021
20219
20225
2023
20231
20237
20239
20241
20243
20245
20247
20249
2025
20251
20253
20255
20261
20263
20265
20281
2033
20344
20346
20348
20350
20352
20354
20368
2039
20445
20447
20449
20451
20453
20455
2047
2049
20540
20556
20558
20560
20562
20564
20566
20568
20570
20574
20576
20578
20580
20582
20588
20590
20592
20594
20596
20598
20600
20602
20604
20606
20608
20610
20612
20614
20618
20620
20622
20624
20626
20628
20630
20632
20634
20636
20638
20640
20642
20702
20704
21010
21012
21014
21018
21020
21022
21024
21026
21028
21030
21036
21038
21040
21042
21055
21095
21098
2118
21335
21471
21473
21475
21477
21479
21481
21483
21485
21487
21489
21492
21494
21497
21499
21501
21505
21507
21509
21511
21513
21522
21524
21526
21528
21530
21535
21537
21539
21541
21543
21546
21548
21550
21552
21554
21556
21558
21560
21562
21604
2162
21629
21639
21641
2174
2176
2179
2184
21854
21856
21858
2186
21868
2194
21943
21944
21945
21946
21948
21950
21952
21954
21956
21958
2196
21960
21962
21964
21966
21968
21970
2204
2206
2211
2213
22176
22178
22230
22292
22299
22300
22301
22302
22303
22304
22305
22306
22307
22308
22309
22310
22311
22326
22328
22330
22332
22429
22431
22437
22441
22443
22445
22447
22449
22453
22457
22461
22465
22467
22469
22471
22475
22477
22543
22545
22547
22549
22554
22556
22558
22573
22577
22766
22779
22781
22783
2282
22853
22876
22878
22880
22882
22884
22886
22888
22890
22892
22894
22896
22898
2290
22900
22902
22904
22906
22908
22910
22912
22914
22916
22918
2292
22920
22922
22924
22926
22928
22930
22932
22934
22936
22938
2294
22940
22942
22944
22946
22948
22950
22952
22954
2296
2298
2300
2302
2304
23056
23058
23060
23062
23072
2332
2334
23415
23417
23419
2342
23474
23507
23511
23513
23524
23526
23528
23534
23537
2356
23560
23562
23564
23660
23703
23706
23708
23710
23712
23714
23716
23718
23720
23722
23724
23726
23728
23730
23732
23736
23758
23760
23774
23784
23786
23788
23790
23792
23794
23796
23798
23800
23802
23804
23806
23808
23810
23812
23814
23816
23818
23820
23822
23825
23830
23835
23837
23839
23841
23843
23845
23847
23849
23851
23853
23855
23857
23865
23867
23869
23888
23895
23897
23899
23901
23903
23912
23914
23916
23918
23920
23954
2405
2411
2421
24284
24306
24349
2437
24396
24418
24428
24439
24444
2445
24469
2447
24472
24474
24476
24484
24487
24489
24491
24496
24498
24500
24502
24504
24506
24508
24510
24512
24514
24516
24518
24520
24522
24524
24526
24528
24530
24532
24534
24536
24538
24540
24542
24543
24544
24546
24548
24549
2455
24551
24553
24555
24557
24559
24561
2457
24570
24604
24605
24614
24615
24616
24617
24621
24623
24645
2465
2467
24689
24691
24693
24695
24697
24699
24701
24703
2477
2479
2487
2489
2507
2509
2511
2513
2515
2517
25267
2530
25303
25307
25308
25309
25310
25311
25314
2532
25322
25323
25327
25328
25329
2538
2540
2546
2548
25503
25504
25505
25506
25507
25508
25509
25510
25511
25512
25513
25539
2554
25541
25543
25562
25564
25584
25585
25586
25587
25716
25737
25772
25813
25852
25854
25856
25858
25862
25889
25891
25893
25895
25897
25899
25901
25903
25907
25909
25911
25913
25915
25917
25919
25921
25923
25925
25929
25931
25933
25935
25937
25949
25951
25953
25955
25957
25969
25971
25973
25975
25977
25979
25981
25997
25999
26001
26003
26005
26007
26009
26017
26019
26021
26023
26025
26027
26029
26031
26039
2604
26041
26043
26047
26049
26057
26059
2606
26061
26063
26065
26067
26069
26071
26073
26077
26079
26081
26083
26085
26087
26089
26091
26097
26101
26103
26105
26107
26109
26111
26113
2614
26174
2622
26287
26289
26291
26293
26295
26297
26299
2630
26301
26303
26305
26307
26309
26311
26313
26315
26319
26321
26323
26325
26327
26329
26331
26333
26335
26337
26339
26341
26343
26345
26347
26349
26351
26353
26355
26357
26359
26361
26363
26365
26367
26369
26371
26373
26375
26377
26379
2638
26381
26383
26385
26387
26389
26391
26393
26395
26397
26399
26401
26403
26405
26407
26409
26411
26413
26415
26417
26419
26421
26423
26425
26427
26429
26431
26433
26435
26437
26439
26441
26443
26445
26447
26449
26451
26453
2648
2656
26598
26600
26602
26604
26607
26759
26760
26761
26762
2680
26843
26850
26870
26889
26891
26893
26915
26916
26917
26926
26928
26930
26932
26961
26963
26965
26967
26984
27015
27020
27022
27024
27027
27039
27065
27067
27069
27300
27302
27304
27306
27309
2735
2736
2737
2738
2739
2740
2741
2742
2743
2744
2745
2746
2747
2748
2749
2750
2751
2752
2753
2754
2755
2756
2757
2758
2759
2760
2761
2762
2763
2764
2765
27657
27659
2766
27661
27663
27665
27667
2767
27677
27679
2768
27680
27681
27682
27684
27685
27688
27689
2769
27690
27694
27695
27696
27697
27698
27699
2770
27703
27704
27705
27706
27707
27708
2771
27712
27713
27714
2772
2773
2774
2775
2776
2777
2778
27781
27783
27785
27787
27789
2779
27791
2780
27807
27808
27809
2781
27810
27811
27812
27813
27814
27815
27816
27817
27818
27819
2782
27820
27821
27822
27823
27824
27825
27826
27827
27828
27829
2783
27830
27831
27832
27833
27834
27835
27836
27837
27838
27839
2784
27840
27841
27842
27843
27844
27845
27846
27847
27848
27849
2785
27850
27851
27852
27853
27854
27859
2786
27860
27861
27862
27863
27864
27865
27866
27867
27868
27869
2787
27870
27871
27872
27873
27874
27875
27876
27877
27878
2788
2789
2790
27905
2791
27913
27915
27917
27919
2792
27921
27923
27925
2793
27931
27933
27935
27938
2794
27940
27942
27944
27945
27946
27947
27948
27949
2795
27952
27958
2796
27960
27962
27964
27966
27968
2797
27970
27972
27974
27976
27978
2798
27980
27982
27984
27986
27988
2799
27990
27992
27994
27996
27998
2800
28000
28002
28004
28006
28008
28010
28012
28014
28016
28018
2802
28020
28022
28024
28026
28028
2803
28030
28032
28034
28036
28038
2804
28040
28042
28044
28046
28048
2805
28050
28052
28054
28056
28058
2806
28060
28062
28064
2807
2808
2810
2812
2813
2814
2815
2816
2818
2819
28198
2820
28200
28202
28204
28206
28208
2821
28210
28212
28214
28216
2822
2823
2824
2825
2826
28263
28265
28267
28269
2827
28271
28273
28275
28277
28279
2828
28281
28283
28285
28287
28289
2829
28291
28293
28295
28297
28299
2830
28301
28303
28305
28307
28309
28325
28327
28329
28331
28333
28335
28337
28339
2835
28353
28368
2837
28376
28378
28380
28382
28384
28386
2839
28448
28449
28450
28451
28452
28453
28454
28455
28456
28457
28458
28459
28460
28461
28462
28463
28464
28465
28466
28467
28468
28469
28470
28471
28472
28473
28474
28475
28476
28477
28478
28479
28480
28481
28482
28483
28484
28485
28486
28487
28488
28489
28490
28491
28492
28493
28494
28495
28496
28497
28498
28499
28500
28501
28502
28503
28504
28505
28512
28515
28517
28519
28521
28523
28525
28527
28529
28531
28533
28535
28537
28539
28541
28543
28546
28548
28551
28553
28555
28558
28560
28562
28564
28566
28577
28579
28584
28605
28607
28613
2864
28647
28651
28653
28655
2866
28660
28662
28666
28671
28673
28675
28677
28679
28681
28683
28685
28711
28730
28732
28734
28736
28738
2874
28741
28743
28745
28747
28749
28751
28753
28755
28757
28759
28771
28773
28775
28777
28779
28781
28783
28785
28787
28789
28845
28847
28849
28851
28889
28891
28893
28895
2890
2898
29000
29002
29004
29006
29008
29010
29012
29014
29016
29040
29042
29044
29046
29048
29050
29052
29054
29056
29058
2906
29060
29062
29064
29066
29068
29070
29072
29074
29076
29078
29080
29082
29084
29086
29088
29090
29092
29094
29096
29098
29100
29102
29104
29106
29108
29110
2914
29204
2922
29227
29249
29267
29329
29331
29333
29335
29338
29339
29341
29345
2938
2946
2949
2954
2962
2970
2978
2986
2994
29985
29987
29989
29991
29993
29995
29997
30003
30009
30014
3002
30029
30037
30039
30041
30043
30047
30049
30051
30053
30057
30059
30061
30063
30067
30069
30071
30073
30077
30079
30081
30083
30087
30089
30091
30093
30097
30099
3010
30101
30103
30107
30109
30111
30113
30140
30142
30144
30146
30150
30152
30154
30156
30160
30162
30164
30166
30170
30172
30174
30176
3018
30187
30227
30228
30229
30230
30232
30233
30234
30235
30237
30238
30239
30240
30242
30243
30244
30245
3026
30329
3034
30343
30387
3039
30392
30393
30394
30395
30397
30398
30399
30400
30402
30403
30404
30405
30407
30408
30409
30410
3042
30421
30423
30425
30465
30467
30471
30475
30477
30479
3050
30558
30562
3058
30582
30586
30588
30599
30600
30605
30614
30615
30618
30628
30632
30633
3066
3075
30752
30753
30754
3083
30833
30835
30837
30840
30843
3091
30988
3099
30994
30998
31000
31002
31004
31006
31008
31010
31012
31014
31016
31018
31020
31022
31024
31026
31028
31030
31032
31034
31036
31038
31040
31042
31044
31046
31048
31050
31052
31054
31056
31058
31060
31062
31064
31066
31068
3107
31070
31072
31074
31076
31078
31080
31082
31084
31086
31088
31090
31092
31094
31106
31108
31110
31112
31114
31116
31118
31120
31122
31124
31126
31128
31130
31132
31134
31136
31138
31140
31142
31144
31146
31148
3115
31150
31152
31154
31156
31158
31160
31162
31164
31166
31168
31170
31172
31174
31176
31178
31180
31182
31184
31186
31188
31190
31192
31194
31196
31198
31200
31202
31204
31206
31208
31210
31212
31214
31216
31218
31221
31223
31225
31227
31229
3123
31231
31233
31235
31237
31239
31241
31243
31245
31247
31249
31251
31253
31255
31257
31259
31261
31263
31265
31267
31269
31271
31273
31275
31277
31279
31281
31283
31285
31287
31289
31291
31293
31295
31297
31299
31301
31303
31305
31307
31309
3131
31311
31313
31315
31317
31319
31321
31323
31325
31327
31329
31331
31333
31335
31337
31339
31341
31343
31345
31347
31349
31351
31353
31355
31357
31359
31361
31363
31365
31367
31369
31371
31373
31375
31377
31379
31381
31383
31385
31387
31389
3139
31391
31393
31395
31397
31399
31401
31403
31405
31407
31409
31411
31413
31415
31417
31419
31421
31423
31425
31427
31429
31431
31433
31435
31437
31439
31441
31443
31445
31447
31449
31451
31453
31455
31457
31459
31461
31463
31465
31467
31469
3147
31471
31473
31475
31477
31479
31481
31483
31485
31487
31489
31491
31493
31495
31497
31499
31501
31503
31505
31507
31509
31511
31513
31515
31517
31519
31521
31523
31525
31527
31529
31531
31533
31535
31537
31539
31541
31543
31545
31547
31549
3155
31551
31553
31555
31557
31559
31561
31563
31565
31567
31569
31571
31573
31575
31577
31579
31581
31583
31585
31587
31589
31591
31593
31595
31597
31599
31601
31603
31605
31607
31609
31611
31613
31615
31617
31619
31621
31623
31625
31627
31629
3163
31631
31633
31635
31637
31639
31641
31643
31645
31647
31649
31651
31653
31655
31657
31659
31661
31663
31665
31667
31669
31671
31673
31675
31677
31679
31681
31683
31685
31687
31689
31691
31693
31695
31697
31699
31701
31703
31705
31707
31709
3171
31711
31713
31715
31717
31719
31721
31723
31725
31727
31729
31731
31733
31735
31737
31739
31741
31743
31745
31747
31749
31751
31753
31755
31757
31759
31761
31763
31765
31767
31769
31771
31773
31775
31777
31779
31781
31783
31785
31787
31789
3179
31791
31793
31795
31797
31799
31801
31803
31805
31811
31813
31815
31817
31819
31821
31823
31825
31827
31865
31867
31869
3187
31871
31873
31875
31877
31879
31881
31883
31885
31887
31889
31891
31893
31895
31897
31899
31901
31903
31905
31907
31909
31911
31917
31919
31923
31925
31927
31929
31931
31933
31943
31945
31947
31949
31951
31953
32026
32028
32030
32032
32034
32036
32038
32040
32042
32044
32046
32048
32050
32052
32054
32056
32058
32060
32062
32064
32066
32068
32070
32072
32074
32076
32078
32080
32082
32084
32086
32088
32090
32092
32094
32096
32208
32210
32306
32308
32310
32312
32326
32341
32343
32345
32415
3243
32437
32439
32441
32443
32445
3245
32773
32775
32781
32783
32789
32791
32800
32802
32804
32810
32812
32818
32820
32839
32841
32843
32845
32847
32849
32854
32855
32858
32859
3286
32860
32861
32862
32863
32864
32865
32866
32867
32868
32869
32870
32871
32873
32875
32877
32879
32881
32982
32984
32986
32988
32990
33004
33006
33008
33010
33012
33067
33077
33080
33082
33084
33088
33102
33104
33112
33150
33152
33154
33156
33158
33177
33179
33181
33191
33196
33198
33200
33202
33271
33273
33278
33280
33282
33284
33286
33288
33290
33292
33294
33296
33299
33300
33302
33304
33306
33308
33310
33312
33314
33327
33396
33398
33401
33447
33449
33451
33460
33469
33471
33473
33514
33515
33517
33518
33519
33521
33523
33536
33543
33545
33546
33547
33548
33554
33556
33558
33560
33562
33564
33566
33582
33584
33586
33588
33590
33592
33596
33609
33611
33624
33626
33628
33630
33632
33634
33636
33638
33640
33642
33644
33646
33648
33650
33652
33654
33656
33658
33660
33662
33664
33666
33668
33670
33672
33674
33676
33678
33682
33684
33686
33688
33690
33692
33694
33696
33698
33701
33703
33705
33707
33709
33711
33713
33817
33819
33821
33823
33825
33868
33870
33872
33874
33876
33878
33880
33882
33884
33891
33893
33895
33897
33899
33901
33903
33905
33916
33982
33984
33986
34119
34121
34123
34125
34127
34153
34189
34214
34216
34218
34220
34222
34224
34226
34228
34230
34232
34234
34236
34238
34240
34242
34244
34246
34248
34250
34252
34254
34256
34258
34267
34269
34273
34275
34277
34279
34281
34283
34285
34287
34289
34291
34293
34295
34307
34309
34318
34329
34340
34342
34344
34346
34397
34412
34414
34416
34442
34444
34446
34458
34460
34462
34464
34466
34468
34470
34472
34474
34476
34478
34480
34497
34563
34591
34594
34596
3473
34829
34841
34842
34843
34844
34845
34846
34847
34848
34849
34850
34851
34852
34853
34854
34855
34856
34857
34858
34859
34860
34861
34862
34863
34864
34865
34866
34867
34868
34869
3489
3497
3505
3513
3515
3517
3519
3521
3529
3531
3533
3535
3537
3539
3541
3543
3545
3547
3553
3555
3557
3560
3562
3564
3567
35684
3569
3570
3572
3574
3577
35772
35773
35780
35782
3579
35791
35792
35796
35797
3580
3582
3587
3589
3590
3597
3599
3607
3609
3617
3619
3654
3656
3664
3666
36949
36953
36954
36955
36960
36961
36962
36963
36964
36965
36966
36967
36968
36971
36972
36973
36974
36975
36976
36977
36978
36979
36980
36981
36997
36999
37000
37001
37002
37003
37004
37005
37006
37007
37008
37009
37010
37011
37012
37013
37014
37015
37017
37018
37019
37020
37021
37022
37023
37024
37025
37026
37027
37028
37029
37030
37031
37032
37033
37034
37037
37038
37039
37040
37041
37042
37043
37044
37045
37046
37047
37048
37049
37050
37051
37052
37053
37054
37058
37059
37060
37061
37062
37063
37064
37065
37066
37067
37068
37069
37070
37071
37072
37073
37074
37075
37076
37077
37078
37079
37080
37081
37082
37083
37085
37087
37138
37139
37140
37287
37309
37310
37311
37312
37314
37315
37316
37317
37318
37319
37320
37321
37322
37323
37324
37325
37326
37327
37328
37329
37330
37331
37332
37333
37334
37335
37338
37339
3734
37340
37341
37342
37343
37344
37345
37346
37347
37348
37349
37350
37351
37352
37353
37354
37355
37356
37357
37358
37359
3736
37360
37361
37362
37363
37364
37365
37366
37367
37368
37369
37370
37371
37372
37373
37374
37375
37376
37377
37378
37379
3738
37380
37381
37382
37383
37384
37385
37386
37387
37388
37389
37390
37391
37392
37393
37394
37395
37396
37397
37398
37399
37400
37401
37402
37403
37404
37405
37406
37407
37408
37409
37410
37411
37413
37414
37415
37416
37417
37418
37419
37420
37421
37422
37423
37424
37425
37426
37427
37428
37429
37430
37431
37432
37433
37434
37435
37436
37437
37438
37439
37440
37441
37442
37443
37444
37445
37446
37447
37448
37449
3752
37537
37538
37539
3754
37540
37541
37617
37618
37619
37620
37621
3765
3767
3769
37833
37834
37835
37836
37837
37838
37839
37840
37841
37842
37852
37853
37854
37855
37856
37857
37858
37859
37860
3794
37964
3830
3832
3840
3842
38660
38661
3927
3928
3938
3940
3942
3944
3948
3950
3954
3956
39580
39581
39583
3963
3978
3980
3982
3984
3988
3990
3991
3994
3996
4006
40301
40302
40311
40312
40313
40314
40315
40316
40317
40318
40336
40337
40338
40339
40521
40672
40673
40674
40675
40676
40677
40684
40685
40686
40687
40688
40689
40719
40720
40721
40722
40723
40740
40741
40742
40743
40744
40746
40747
40751
40753
40755
40757
40759
40763
40765
41068
41069
41070
41071
41072
41073
41074
41075
41085
41086
41087
41088
41089
41090
41091
41092
41093
41094
41095
41096
41097
41098
41105
41106
41107
41108
41110
41111
41113
41120
41121
41122
41123
41124
41125
41132
41133
41134
41135
41136
41137
41143
41144
41145
41146
41147
41148
41161
41162
41163
41165
41166
41167
41168
41169
41170
41171
41172
41173
41177
41178
41179
41183
41184
41185
41186
41187
41190
41221
41222
41225
41226
41227
41228
41229
41230
41242
41243
41244
41245
41246
41248
41256
41257
41258
41260
41261
41262
41278
41279
41280
41281
41282
41283
41284
41285
41288
41289
41292
41293
41296
41297
41300
41301
41313
41315
41317
41319
41321
41323
41325
41327
41329
41331
41333
41335
41337
41351
41352
41353
41354
41355
41356
41361
41362
41363
41364
41365
41366
41367
41368
41369
41370
41371
41372
41373
41374
41375
41376
41377
41378
41379
41380
41381
41382
41383
41384
41385
41386
41388
41389
41390
41391
41392
41393
41394
41395
41412
41413
41416
41418
41430
41431
41432
41433
41434
41435
41436
41437
41438
41445
41446
41447
41448
41449
41450
41451
41452
4148
41532
41535
41536
41582
41583
41584
41585
41590
41591
41592
41593
41594
41595
41596
41597
41598
41599
41600
41601
41602
41603
41604
41605
41606
41607
41608
41609
41610
41611
41612
41613
41614
41615
41616
41618
41619
41620
41621
41622
41623
41624
41625
41626
41627
41628
41629
41630
41631
41632
41633
41634
41635
41636
41637
41638
41639
41640
41641
41642
41643
41644
41645
41646
41647
41648
41649
41650
41651
41652
41653
41654
41655
41656
41657
41658
41659
41660
41661
41662
41663
41664
41665
41666
41667
41668
41669
41670
41671
41697
41698
42134
42135
42136
42137
42138
4249
4251
42524
42525
4253
4255
4257
4259
4261
4263
4265
4267
4269
4271
4273
4275
4277
4279
4281
4283
4285
4287
42874
42875
42876
42877
42878
42879
42880
42881
42882
42883
42884
42885
42886
42887
42888
42889
4289
42891
4291
4293
4295
4298
4300
4305
4307
4309
4311
4313
4314
4315
4316
43544
43545
43546
43547
43548
43607
43608
43609
43610
43611
4364
43659
43661
43663
43665
4370
4384
4387
4389
43902
43904
43906
43908
43910
43911
43912
43913
43914
43915
43916
4392
43925
43926
43927
43928
43929
43934
4394
4396
4398
4400
44002
44003
44004
44005
44006
44007
44008
44009
44010
44011
44012
44013
44014
44015
44016
44017
44018
44019
4402
44020
44021
44022
44023
44024
44025
44026
44027
44028
44029
44030
44031
44032
44033
44034
44035
44036
44037
44038
44039
4404
44040
44041
44042
44043
44044
44045
44046
44047
44048
44049
44050
44051
44052
44053
44054
44055
44056
44057
44058
44059
4406
44060
44061
44062
44063
44064
44065
44074
44075
44076
44077
44078
44079
4408
44080
44081
44082
44083
44084
44085
44086
44087
44088
44089
44090
44091
44092
44093
44094
44095
44096
44097
4410
44103
44106
44115
44116
44117
44118
681
682
683
684
685
686
687
688
689
690
691
692
693
784
785
786
788
790
803
804
805
806
807
808
809
810
811
812
813
814
819
820
821
822
823
824
825
826
827
828
829
830
831
832
833
834
835
836
837
838
839
840
841
842
843
844
845
846
847
848
879
880
881
882
883
884
885
886
887
888
889
890
891
892
893
894
895
896
897
898
899
900
901
902
935
936
937
938
939
940
941
943
944
945
946
947
948
949
950
952
953
954
955
956
960
961
962
963
964
965
966
967
968
969
970
971
972
973
974
975
976
977
978
979
983
984
985
986
987
988
989
990
991
992
994
9945
995
996
997
998
999
